————————————————————
【ecercise_1】

[实用共轭梯度法]
  ConjGrad: 迭代 53 次
解为: X^T=
  [Matrix size = (1 x 361)]
0.0214201 0.0403637 0.0613153 0.0852059  0.112541  0.143627   0.17866  0.217772   0.26105  0.308547  0.360289  0.416277  0.476485  0.540861  0.609314  0.681701  0.757798  0.837227  0.919291 0.0403637 0.0688081 0.0973259  0.127155  0.159083  0.193628  0.231145  0.271874  0.315978  0.363559  0.414665  0.469299  0.527414   0.58891  0.653622  0.721298  0.791553  0.863801  0.937116 0.0613153 0.0973259  0.132231  0.167274  0.203341  0.241068  0.280907  0.323179  0.368107  0.415828  0.466412  0.519863  0.576117   0.63504  0.696415  0.759917   0.82508  0.891244  0.957476 0.0852059  0.127155  0.167274   0.20671  0.246355  0.286885  0.328806  0.372489  0.418193  0.466087  0.516254  0.568698  0.623347  0.680045  0.738541  0.798476  0.859353  0.920509  0.981083  0.112541  0.159083  0.203341  0.246355  0.288975  0.331878   0.37559  0.420507  0.466912  0.514989  0.564833  0.616451  0.669763  0.724602  0.780702   0.83769  0.895071   0.95221   1.00833  0.143627  0.193628  0.241068  0.286885  0.331878  0.376705  0.421891  0.467839  0.514844  0.563101  0.612709  0.663676  0.715922  0.769273   0.82346   0.87811  0.932742  0.986757   1.03945   0.17866  0.231145  0.280907  0.328806   0.37559  0.421891  0.468221  0.514984  0.562476  0.610896  0.660346  0.710835  0.762281  0.814511  0.867256   0.92015  0.972729   1.02443    1.0746  0.217772  0.271874  0.323179  0.372489  0.420507  0.467839  0.514984  0.562338  0.610195  0.658754  0.708116  0.758291  0.809199  0.860664  0.912422  0.964115   1.01529   1.06542   1.11388   0.26105  0.315978  0.368107  0.418193  0.466912  0.514844  0.562476  0.610195  0.658291  0.706958  0.756297  0.806318  0.856938  0.907985  0.959195   1.01022   1.06061   1.10986   1.15738  0.308547  0.363559  0.415828  0.466087  0.514989  0.563101  0.610896  0.658754  0.706958  0.755699  0.805076  0.855095  0.905673  0.956638   1.00773   1.05859    1.1088   1.15783   1.20511  0.360289  0.414665  0.466412  0.516254  0.564833  0.612709  0.660346  0.708116  0.756297  0.805076  0.854545  0.904711  0.955487    1.0067   1.05809    1.1093   1.15989   1.20936   1.25711  0.416277  0.469299  0.519863  0.568698  0.616451  0.663676  0.710835  0.758291  0.806318  0.855095  0.904711  0.955168   1.00638   1.05817   1.11027   1.16232   1.21389   1.26444   1.31337  0.476485  0.527414  0.576117  0.623347  0.669763  0.715922  0.762281  0.809199  0.856938  0.905673  0.955487   1.00638   1.05826   1.11095   1.16418   1.21759   1.27072   1.32303   1.37386  0.540861   0.58891   0.63504  0.680045  0.724602  0.769273  0.814511  0.860664  0.907985  0.956638    1.0067   1.05817   1.11095   1.16486   1.21965   1.27493   1.33025   1.38501   1.43852  0.609314  0.653622  0.696415  0.738541  0.780702   0.82346  0.867256  0.912422  0.959195   1.00773   1.05809   1.11027   1.16418   1.21965   1.27642   1.33411   1.39225   1.45022   1.50727  0.681701  0.721298  0.759917  0.798476   0.83769   0.87811   0.92015  0.964115   1.01022   1.05859    1.1093   1.16232   1.21759   1.27493   1.33411   1.39477   1.45642   1.51843   1.57997  0.757798  0.791553   0.82508  0.859353  0.895071  0.932742  0.972729   1.01529   1.06061    1.1088   1.15989   1.21389   1.27072   1.33025   1.39225   1.45642    1.5223   1.58926    1.6564  0.837227  0.863801  0.891244  0.920509   0.95221  0.986757   1.02443   1.06542   1.10986   1.15783   1.20936   1.26444   1.32303   1.38501   1.45022   1.51843   1.58926   1.66214    1.7362  0.919291  0.937116  0.957476  0.981083   1.00833   1.03945    1.0746   1.11388   1.15738   1.20511   1.25711   1.31337   1.37386   1.43852   1.50727   1.57997    1.6564    1.7362    1.8187

运行时间: 94836 us
误差 |Ax-b|: 1.9777e-08
————————————————————
【ecercise_2】

[ 20 阶Hilbert]
[实用共轭梯度法]
  ConjGrad: 迭代 11 次
解为: X^T=
  [Matrix size = (1 x 20)]
 0.333331  0.333395  0.332974  0.333916  0.333438  0.332966   0.33292   0.33316   0.33346   0.33367  0.333731  0.333648  0.333466  0.333243  0.333041  0.332916  0.332915  0.333076  0.333424  0.333979

运行时间: 327 us
误差 |Ax-b|: 1.69302e-09

[ 40 阶Hilbert]
[实用共轭梯度法]
  ConjGrad: 迭代 12 次
解为: X^T=
  [Matrix size = (1 x 40)]
 0.333337  0.333235  0.333862  0.332603  0.333053   0.33367  0.333878  0.333735  0.333441  0.333154  0.332958  0.332876  0.332898  0.332997  0.333143  0.333305  0.333461  0.333592   0.33369  0.333747  0.333763  0.333741  0.333685  0.333601  0.333497   0.33338   0.33326  0.333144  0.333039  0.332953  0.332891  0.332861  0.332866  0.332912  0.333002   0.33314  0.333328  0.333569  0.333863  0.334213

运行时间: 410 us
误差 |Ax-b|: 6.54014e-10

[ 60 阶Hilbert]
[实用共轭梯度法]
  ConjGrad: 迭代 15 次
解为: X^T=
  [Matrix size = (1 x 60)]
 0.333331  0.333391  0.332989  0.333899   0.33343  0.332995  0.332946   0.33314  0.333387  0.333574  0.333661  0.333655  0.333581   0.33347  0.333347  0.333233  0.333141  0.333077  0.333044  0.333039  0.333059    0.3331  0.333156  0.333221  0.333291   0.33336  0.333426  0.333484  0.333534  0.333573  0.333599  0.333614  0.333617  0.333607  0.333587  0.333557  0.333519  0.333474  0.333424   0.33337  0.333315  0.333259  0.333206  0.333156  0.333111  0.333073  0.333043  0.333023  0.333014  0.333018  0.333036  0.333068  0.333116  0.333181  0.333264  0.333364  0.333484  0.333624  0.333783  0.333963

运行时间: 1011 us
误差 |Ax-b|: 1.87489e-10

[ 80 阶Hilbert]
[实用共轭梯度法]
  ConjGrad: 迭代 18 次
解为: X^T=
  [Matrix size = (1 x 80)]
 0.333334  0.333308  0.333508  0.332976   0.33338  0.333595  0.333517  0.333333  0.333185  0.333122  0.333139  0.333208  0.333297  0.333384  0.333453  0.333497  0.333516  0.333511  0.333487   0.33345  0.333405  0.333356  0.333309  0.333266  0.333229  0.333201  0.333181   0.33317  0.333167  0.333172  0.333184  0.333203  0.333225  0.333252   0.33328   0.33331   0.33334  0.333369  0.333396  0.333421  0.333443  0.333462  0.333476  0.333487  0.333494  0.333497  0.333495   0.33349  0.333481  0.333468  0.333452  0.333433  0.333413   0.33339  0.333365   0.33334  0.333314  0.333289  0.333264   0.33324  0.333217  0.333197   0.33318  0.333165  0.333155  0.333148  0.333146  0.333149  0.333158  0.333172  0.333193   0.33322  0.333254  0.333296  0.333345  0.333402  0.333467  0.333541  0.333624  0.333715

运行时间: 2065 us
误差 |Ax-b|: 3.13955e-10
————————————————————
【ecercise_3】

(1).[Jacobi迭代法]
(Jacobi: 终止条件:eps=0.0000001)
  Jacobi: 迭代 68 次
解为: X^T=
  [Matrix size = (1 x 5)]
        1        -2         3        -2         1

运行时间: 668 us
误差 |Ax-b|: 8.82639e-07

(2).[G-S迭代法]
(GS: 终止条件:eps=0.0000001)
  Jacobi: 迭代 41 次
解为: X^T=
  [Matrix size = (1 x 5)]
        1        -2         3        -2         1

运行时间: 616 us
误差 |Ax-b|: 3.38199e-07

(3).[实用共轭梯度法]
  ConjGrad: 迭代 6 次
解为: X^T=
  [Matrix size = (1 x 5)]
        1        -2         3        -2         1

运行时间: 303 us
误差 |Ax-b|: 3.55271e-15
请按任意键继续. . .