  SVD: 迭代 14 次
  Time: 3500 us
  全部奇异值：
 0.375993  0.703989  0.880006   1.14018   1.89863   2.60205    3.1445   4.98101   5.94702   8.66648   32.2979    214.31
  ep=6.66134e-16
  eq=1.55431e-15
  et=2.59972e-10
  A=PDQ
  D:
  [Matrix size = (28 x 12)]
        214.31              0     1.8978e-16   -3.26595e-15   -7.10453e-15   -1.10152e-14   -2.20607e-14    8.91474e-15    3.56712e-15    4.37853e-16   -4.66168e-15   -4.46952e-15
   5.69803e-15        32.2979              0   -1.25099e-20   -4.54117e-16    3.15701e-15    5.65053e-15   -3.38012e-15   -7.52061e-16   -5.61042e-16    1.01709e-15    1.04872e-15
   3.94029e-15    1.11305e-16        5.94702              0     9.7037e-21   -8.38754e-16   -1.32822e-16    5.30589e-16    1.55712e-17    3.24407e-16   -2.93866e-16   -5.01497e-18
  -3.73735e-15   -7.87168e-16              0        8.66648              0   -1.34707e-16   -2.83139e-16    1.69054e-16    1.76285e-16    2.66889e-16   -3.83282e-16   -1.42518e-16
   6.51685e-15    8.07754e-17   -5.55314e-17   -4.27699e-16        4.98101              0    2.76946e-15   -1.71323e-15   -1.47273e-16      1.041e-16    1.43349e-16    1.10183e-16
  -1.56236e-15   -8.78349e-16    4.37385e-17   -1.19797e-16    6.97467e-18         3.1445              0    2.23825e-16    -4.5888e-16   -5.53537e-16   -2.36324e-16   -3.44869e-16
  -2.09382e-15   -1.53614e-15    1.18517e-17   -6.32268e-17   -1.05654e-16     1.3531e-16        2.60205              0    1.17585e-16    1.28293e-16   -4.84886e-17    1.09509e-16
  -2.41267e-15   -1.16043e-15    1.64057e-17   -1.86027e-16   -9.52855e-17   -1.18173e-16   -7.06751e-17        1.89863              0   -4.31133e-17    3.17157e-17    5.80597e-17
  -2.50729e-15    4.95399e-16    1.10283e-16   -1.71391e-16    9.51256e-17   -1.55194e-16    1.31098e-16    3.43447e-17       0.375993              0   -7.37419e-18     -7.973e-17
   1.62994e-15   -1.12302e-15    1.94547e-16    -1.0449e-16    7.61764e-17   -2.34452e-17   -4.15856e-17   -4.22998e-17    3.95964e-20        1.14018              0    5.15999e-17
   4.87469e-16    6.66035e-16    5.98607e-17    2.15727e-16    2.93059e-16   -1.66125e-16   -1.32849e-16    8.66775e-17    -1.0935e-17    1.66746e-18       0.703989              0
  -5.13527e-16    7.20872e-16   -9.31892e-17   -9.31497e-17    3.37291e-16    2.08504e-17     1.9277e-16    -1.0798e-16   -4.93434e-17    1.17243e-17    5.95743e-17       0.880006
             0   -1.77636e-15    8.88178e-16   -5.55112e-17    2.77556e-17              0    5.55112e-17    2.77556e-17    1.66533e-16   -2.22045e-16   -5.55112e-17    2.77556e-17
             0   -1.33227e-15              0              0              0              0              0              0    2.22045e-16    5.55112e-17              0    1.38778e-17
             0    1.77636e-15    4.44089e-16   -5.55112e-17   -2.77556e-17   -2.77556e-17              0    6.93889e-18   -1.66533e-16    5.55112e-17              0   -1.38778e-17
             0   -1.33227e-15    1.11022e-16              0              0   -2.77556e-17    2.77556e-17    2.77556e-17   -3.33067e-16   -5.55112e-17              0    2.77556e-17
             0    5.32907e-15              0    1.11022e-16              0              0   -5.55112e-17   -1.38778e-17    8.32667e-17   -2.77556e-17              0              0
             0   -3.55271e-15    4.44089e-16              0    1.38778e-17              0   -5.55112e-17              0   -8.32667e-17    1.66533e-16              0              0
             0   -3.55271e-15    1.11022e-16   -5.55112e-17              0              0    1.11022e-16   -5.55112e-17    5.55112e-17   -5.55112e-17              0              0
             0   -3.55271e-15   -2.22045e-16    2.22045e-16   -4.44089e-16    1.11022e-16    2.22045e-16              0    2.22045e-16   -8.32667e-17   -2.77556e-17              0
             0    8.88178e-16    4.44089e-16    1.38778e-17   -1.11022e-16   -2.22045e-16              0              0    8.32667e-17    2.22045e-16              0   -6.93889e-18
             0   -3.55271e-15    4.44089e-16              0              0    6.93889e-18   -5.55112e-17              0   -3.33067e-16   -5.55112e-17    6.93889e-18              0
             0    3.55271e-15   -1.33227e-15              0              0              0   -4.44089e-16              0    1.11022e-16    2.77556e-17    1.38778e-17   -5.55112e-17
             0    3.55271e-15              0    5.55112e-17              0              0    1.11022e-16              0    2.08167e-17   -2.22045e-16              0              0
             0    1.77636e-15   -8.88178e-16    5.55112e-17    1.11022e-16   -5.55112e-17              0              0    8.32667e-17    2.77556e-17              0              0
             0   -1.06581e-14   -2.77556e-17              0              0              0              0   -1.73472e-18    1.11022e-16    2.77556e-17   -3.46945e-18   -1.38778e-17
             0   -4.44089e-16   -4.44089e-16    1.11022e-16              0              0    1.11022e-16    2.77556e-17   -2.77556e-17   -2.77556e-17    5.55112e-17    2.77556e-17
             0   -1.77636e-15   -2.22045e-16              0              0              0    2.22045e-16              0    3.33067e-16    1.38778e-17              0              0

  P:
  [Matrix size = (28 x 28)]
      0.201521      0.0911402      0.0772605       -0.13986      -0.322807      -0.256887      -0.123667      0.0866028      -0.240969       0.348862       0.197716      -0.404687      0.0580315       0.190825       0.131227       0.361087      0.0206152       0.188345     0.00593548     -0.0627154       0.103947       0.247039       0.119192     0.00627963      0.0950833      0.0438277       0.129663     -0.0939242
       0.29061       0.264505      -0.342982     -0.0512033      -0.113254     -0.0561503      0.0906387      -0.231329      0.0919456      -0.171139       0.124253      -0.267726      -0.220403      -0.134686        0.15102      -0.203654      0.0968707     0.00548126      -0.271283      -0.162011      0.0455732       -0.26513     -0.0467365       0.105322      -0.057996       -0.31023      0.0156733      -0.311451
      0.190181       0.119826     -0.0785137      -0.173717      -0.223697      -0.089275      -0.164854      0.0819218       0.165363     0.00102446      0.0595711      0.0671138      0.0999868        0.42926     -0.0932888      -0.316194      -0.112029       0.110785      0.0585841      0.0475384       0.271197      -0.302927      -0.238481      -0.176739       -0.25546       0.277409     -0.0139455       0.237786
      0.254386       0.207301       0.245351     -0.0813732     -0.0130674      0.0217869     -0.0358542     -0.0978748      0.0428182      -0.150386     -0.0624607      0.0199971    -0.00652394     -0.0544907      -0.307145      0.0556994      0.0997786      0.0468347      0.0566018       0.349076       -0.25938      -0.219588       0.168788     -0.0028042       0.184529       0.427606        0.12074      -0.414855
      0.201216      0.0880326       0.133406     -0.0512625     -0.0860741     -0.0273551     -0.0542833     -0.0443752      0.0629634      0.0780019     -0.0110657      0.0359494      0.0548692     -0.0897723      -0.118465      0.0943818      -0.383975     -0.0221269       0.409654      -0.255702      -0.435195       0.032349      -0.279847       0.268754      -0.333508      -0.160034      -0.080451     -0.0858373
      0.262533       0.237432     -0.0303058       0.077748     -0.0132068      0.0444983     -0.0386113     -0.0887603      -0.316229      0.0352413      0.0808656      0.0910414      0.0310553      -0.342987      0.0509616      0.0103453      -0.371834     -0.0855992      -0.294038       0.123209     -0.0640553       0.145077     -0.0271387      -0.438507     -0.0241613       0.122779      -0.331211       0.167556
      0.243492       0.116939     -0.0582823      0.0629639      0.0623611      0.0322901    -0.00267559       0.420532      0.0668712       0.123296      -0.299432    -0.00650983      -0.156633       0.195999      -0.500555     -0.0231564      0.0334862      -0.210218      -0.116936      -0.346665      0.0170185      0.0888512       0.169121      -0.146113       0.165589      -0.177117      -0.128067     -0.0445348
      0.159834     -0.0893072       0.055982       0.442065      0.0886118      -0.047855      -0.282982     -0.0764946       0.225137       0.169305     -0.0169856     -0.0909175      0.0611503       -0.16749      0.0244981      -0.386301       0.140479       0.538036       0.078585      -0.131236      -0.109459       0.158737      0.0356798     -0.0649014       0.138534      0.0445059     -0.0708728      0.0291143
      0.216831      -0.278039      -0.349371      -0.235113       0.317596      -0.112187      -0.253236     -0.0171741      0.0826097      -0.340402      -0.337239     -0.0542116      0.0480307      0.0334623       0.193895       0.304182      -0.204585       0.166798       0.133809     -0.0547161      0.0922075      0.0225802      0.0433563     -0.0957777      0.0915693      0.0849938      -0.108972     -0.0970718
     0.0928883      -0.547772        0.23847     -0.0245587       0.158842      -0.321641      0.0888091      -0.038254      -0.148838       -0.18902       0.277632      -0.212802       0.116205       0.133712      -0.189527        -0.1121      0.0909793      -0.105327      -0.205573     -0.0728203      -0.228328     -0.0693364      -0.111538      -0.252391        -0.1405     -0.0782628     -0.0497558     -0.0856669
      0.158165     -0.0463303      -0.120003       0.127587     -0.0878498    -0.00909474       0.275837       -0.22448       0.296071      0.0730955     -0.0015338        0.21431      -0.246799      0.0453911    -0.00223173       0.331922       0.114428      0.0704892      0.0571591     -0.0447375      -0.151359      0.0801323     -0.0933374      -0.467233     -0.0891502      -0.031283       0.431559       0.144744
      0.147892     -0.0300931      -0.119416      0.0489356      -0.254437       0.132956      -0.177335      0.0450998        0.09215      -0.315841       0.277662      -0.163854       0.140674     -0.0464675     -0.0373743      0.0645172      0.0715461      -0.189748       0.239011      0.0614318       -0.22509      -0.150931       0.302295      0.0164835       0.262793      -0.172494     -0.0122434       0.488757
      0.147795     -0.0396272      -0.105018      0.0496149      0.0284197       0.461003      -0.111084     -0.0907401      -0.183638       0.029631       0.142796       0.254262       0.617015      0.0522305     -0.0786362      0.0813063      0.0958481      0.0322221     -0.0705405       -0.21232       0.134829     -0.0379817     -0.0381075     -0.0617714     -0.0147014        -0.1286       0.223345      -0.248018
      0.158657     -0.0550523       0.040313      0.0999677     -0.0760899    -0.00576923       0.322409      -0.235791       0.217393       0.131325     -0.0293666       0.197126       0.173072       0.502756       0.265376     -0.0162348      -0.137448     -0.0377366      -0.113419       0.125885      -0.158213      0.0545441       0.178345       0.127634       0.217099     -0.0882655      -0.386752     -0.0868815
      0.218459       0.130461        0.34007     -0.0143121       0.250533       0.192067       -0.17721       0.409195      0.0835638     -0.0582173      0.0891446      0.0451626      -0.130134       0.109769       0.592349     -0.0594265       0.123287       -0.19076       -0.02797     -0.0459907       -0.15235     -0.0124333     -0.0495036      -0.104518     -0.0692632       0.004336       0.134207     -0.0556496
      0.159834     -0.0893072       0.055982       0.442065      0.0886118      -0.047855      -0.282982     -0.0764946       0.225137       0.169305     -0.0169856     -0.0909175      0.0076056      -0.049778     -0.0761784       0.418487       0.105184      -0.265012       -0.21388       0.192185       0.218118      -0.210686      -0.176642       0.238755      -0.182457      0.0368004      -0.132747      0.0637373
      0.242183      0.0464139      0.0912947      -0.249362     -0.0822891      -0.099419      0.0619317      -0.179179      -0.210653       0.035524      -0.353346       0.118232       0.111851      -0.118551      0.0803064      -0.010359       0.658152     -0.0593101       0.130903     -0.0445192     -0.0175183      0.0561128       -0.10742      0.0288026       -0.11155     -0.0172733      -0.263528        0.21137
      0.114773      -0.158967      -0.140529      0.0266431      -0.198157      -0.197554      0.0982307       0.524557      -0.103017    -0.00235237      0.0446769       0.408229     0.00242865      -0.165266      0.0215575       0.119522      0.0395408       0.378493      -0.171239       0.231986      -0.123437       -0.22032      0.0115015       0.148969     -0.0609918      -0.193832     -0.0283543     -0.0224706
     0.0933567      -0.230244      0.0679714      0.0202884     -0.0431394     -0.0784963      -0.108533       -0.10475      -0.136759       0.241306       0.217479       0.276888      -0.295518      -0.110527       0.054897     -0.0768237     -0.0315506      -0.179188       0.467572     -0.0292376       0.324964      -0.246266       0.149504      -0.180773       0.145701      -0.121223      -0.150432       -0.24636
       0.12281      -0.233625       0.161752     -0.0284907      -0.187375       0.494987     -0.0526245     -0.0364021      -0.127682     -0.0474879      -0.242878      -0.246161      -0.237365        0.12841     -0.0772983     -0.0676745     -0.0741038       0.173816      0.0302882       0.430995      0.0803936       0.111026      -0.123201     -0.0719737      -0.104201      -0.352079     -0.0110086     -0.0339389
      0.194173      0.0273062       0.267384     -0.0760688       0.010747     0.00408776       0.435188        0.19226       0.389877      -0.195929       0.152068      -0.118635       0.224349      -0.303329     -0.0508251      0.0442949     -0.0397509      0.0531864       0.143245      0.0315348       0.447045       0.204979     -0.0278964     -0.0196231     -0.0107487     -0.0263251      -0.110802     -0.0356501
      0.113186      -0.127864      -0.218761      -0.190975      -0.115968     -0.0845831      -0.299806     -0.0206603       0.200705     -0.0419144       0.220654       0.268292     -0.0892218     -0.0259494      -0.100463      -0.190779      0.0881883      -0.257086      -0.103852       0.214129    -0.00901224       0.609125      -0.019018       0.166052     -0.0676422       0.032063      0.0765109      -0.129434
      0.245103     -0.0379005      -0.223658       0.249796       0.212712    -0.00142139       0.250621      0.0438574      -0.236987      0.0374695     -0.0317127       -0.10255      0.0132529      0.0626383      0.0224925      -0.154194     -0.0223649     -0.0683308       0.189843       0.122911      0.0444592      0.0746888       0.481688       0.144958      -0.499313       0.154339       0.159925      0.0547308
      0.212867      0.0408414         0.3223      0.0432211      0.0998765      0.0012797     -0.0282962      -0.217003      -0.228191       -0.33744       0.133818       0.275688      -0.309022       0.147494      -0.106743      0.0808351     -0.0908307        0.22534      -0.157215      -0.253883       0.213839      0.0813898      0.0559286       0.331938      0.0845568      0.0210434      0.0989547       0.251264
      0.235342     -0.0342118       -0.22741       0.208583        0.12882     -0.0526029       0.242403       0.113701      -0.260678      0.0223432     0.00639523     -0.0795438     0.00465475      0.0518009      0.0156951       -0.12984     -0.0272012      -0.147175       0.185159       0.135635     0.00657733      0.0558398       -0.54706       0.164622         0.4553       0.118789       0.181987      0.0582814
     0.0325802      -0.390963     -0.0442409      0.0897124      -0.477681       0.292797       0.119177      0.0925929     0.00905826     -0.0647401     -0.0899299      -0.052934      -0.141479      -0.131291       0.135304    -0.00523729    -0.00959332     -0.0950533      -0.114523      -0.355551      -0.035263     -0.0165694    -0.00889254      0.0946176     -0.0198454       0.502626     -0.0945421     -0.0864305
      0.159496      -0.174221       0.224787      -0.129762      -0.123585      -0.210925     -0.0472228      -0.102244      0.0738503       0.179292      -0.391638      0.0307355       0.191023      -0.224375       0.104234      -0.225325      -0.279725       -0.20049      -0.195541     0.00746183      0.0716834      -0.125453       0.149089      0.0800649       0.132374      -0.127178       0.451287       0.142803
      0.153544      -0.170361     -0.0971722      -0.459664       0.354715       0.300944       0.100385     -0.0303362       0.131896       0.462944       0.242162     -0.0800179      -0.122155      -0.118785      -0.105083      0.0107178     0.00660851       0.123334      -0.130339    -0.00187381      -0.103192      -0.144849      0.0303317       0.159875      0.0683592       0.113078     -0.0501679       0.228032

  Q:
  [Matrix size = (12 x 12)]
     0.0234413       0.161979      0.0292717        0.14491      0.0349575      0.0312827       0.157212      0.0779178       0.956374      0.0544552      0.0262712     0.00800058
    -0.0422221      -0.644267     -0.0936797      -0.543018      -0.116199     -0.0873538      -0.363467      -0.175794       0.283782     -0.0839516     -0.0830574     -0.0294925
      0.028024      -0.224297     -0.0168622       0.226692     -0.0570462      -0.156338       -0.08982      -0.060128     -0.0227738       0.924485      0.0298043     -0.0421216
    0.00963128      -0.521551     -0.0630768       0.759487     -0.0186828      -0.135289     -0.0496554     -0.0480063      0.0112589      -0.348422      0.0351311     -0.0302003
     -0.123837       0.384544      0.0430269       0.188343      0.0056745      -0.191302      -0.642166      -0.296522      0.0556006     -0.0347159      -0.436249       0.260624
     0.0889256        0.21098      -0.185246      0.0289853       -0.21143      0.0528119      -0.257032      -0.432264      0.0284664     -0.0458657        0.77887      -0.049616
     -0.059809      -0.117628      -0.102769       0.116499      -0.202736       0.891951     -0.0950931     -0.0125808    -0.00250434      0.0885951      -0.119498        0.30073
     0.0516038       -0.10304      0.0151717     -0.0746845     -0.0606621      -0.252501       0.365931      -0.212771     -0.0149853     0.00296719      0.0867562       0.852372
      0.701523      0.0294532      -0.586422     -0.0156241       0.356333      0.0351058     -0.0162775     -0.0653433    -0.00382375     0.00722707      -0.172791       0.014089
      0.195669        0.12333      -0.238952      0.0133904      -0.866511      -0.167604       0.152785      0.0801522    -0.00448851     -0.0429746      -0.252212      -0.122672
      0.543076     -0.0374329       0.478916    -0.00356561      -0.116359     -0.0119204      -0.369728       0.493572    -0.00146235     -0.0259679       0.194836       0.204115
      0.376767     -0.0451588       0.555693     0.00491833     -0.0283275       0.143043        0.22571      -0.618539    -0.00152511     -0.0132883      -0.200255       -0.22827

请按任意键继续. . .